63604808 20040118170 1  4.87
69684558 20040118280 1 19.00
69684558 20040118280-1-19.00
69694158 20040118280 1  5.01
62684671 20040118685 1 69.99    
62684671 20040118685-1-69.99
61664713 59040118335 1 17.99
61664713 59040118335-1-17.99
61684613 59040118335 1 12.99
68634752 59040118410 1  8.99
60694698 59040118620 1  3.99
60664659 59040118620 1  3.99
60614487 59040118878 1  5.95
68654655166040118 60 1  5.08
69624033166040118 80 1 18.19
60604100166040118 80 1 13.30
68674560166040118170 1  5.99    